2.3617 0.933369994164
2.3722 0.524926006794
2.3804 0.480055987835
2.3908 0.782496988773
2.3992 0.943646013737
2.4098 0.995820999146
2.4183 1.0208799839
2.4287 0.912696003914
2.4374 0.965951025486
2.4476 0.913486003876
2.4558 0.905432999134
2.4665 0.923605024815
2.475 0.878347992897
2.4859 0.995750010014
2.4947 0.8915989995
2.5021 0.903164982796
2.5124 0.786285996437
2.5212 1.01510000229
2.532 0.989584982395
2.5406 1.42157995701
2.5482 1.38700997829
2.5585 0.992833971977
2.5675 0.995357990265
2.5793 0.739899992943
2.5869 0.55065202713
2.5974 1.1523900032
2.6038 0.988812983036
2.6169 2.04936003685
2.631 4.34340000153
2.6459 0.833118021488
2.6595 0.82929700613
2.6728 0.887381017208
2.6866 0.821551024914
2.6966 1.04633998871
2.7071 0.983923971653
2.7217 0.819186985493
2.7366 1.10777997971
2.7512 1.00054001808
2.7617 1.6130399704
2.7722 0.994113028049
2.7867 1.11397004128
2.8015 1.05516004562
2.8161 0.90237402916
2.8266 0.980956971645
2.8376 1.06401002407
2.8529 0.963760018349
2.8679 1.35626995564
2.8785 1.40915000439
2.8903 1.12275004387
2.9065 1.04981994629
2.9169 1.13674998283
2.9293 1.23518002033
2.9453 1.03877997398
2.9559 1.07585000992
2.9676 1.01013994217
2.9839 1.03598999977
2.9939 0.977325975895
3.0062 1.11726999283
3.0181 1.05513000488
3.026 1.04136002064
3.0332 1.43689000607
3.0419 1.98081994057
3.053 1.25524997711
3.0697 1.33603000641
3.0808 1.1641600132
3.0928 1.16349005699
3.109 0.992438971996
3.1194 0.880863010883
3.1328 0.94987899065
3.1446 0.981884002686
3.1577 1.11977005005
3.1695 1.49880003929
3.1824 1.54287004471
3.1947 1.37916994095
3.207 1.64270997047
3.2235 1.27727997303
3.2351 1.35850000381
3.2487 1.42505002022
3.2595 1.37275004387
3.2735 1.65131998062
3.2854 1.92736005783
3.299 2.9435300827
3.3108 1.65864002705
3.3205 1.48406004906
3.334 1.51187002659
3.346 1.25285995007
3.3604 1.27900004387
3.372 1.1658500433
3.3822 1.00196003914
3.3948 1.22667002678
3.4085 1.34488999844
3.419 1.37923002243
3.4314 1.43250000477
3.4447 1.15864002705
3.4583 1.35931003094
3.4706 1.33098995686
3.4853 1.34273004532
3.4979 1.34223997593
3.5067 1.11091995239
3.5216 1.33403003216
3.5338 1.35493004322
3.5432 1.35400998592
3.5582 1.0818400383
3.5763 1.41993999481
3.5911 1.18004000187
3.6053 1.11199998856
3.6175 1.10935997963
3.6276 1.58127999306
3.6425 1.62817001343
3.6552 1.06985998154
3.6648 1.34280002117
3.677 1.13207995892
3.6873 1.55449998379
3.7033 1.53509998322
3.7153 1.23299002647
3.7253 1.47578001022
3.7375 3.18198990822
3.7464 3.35104990005
3.7613 1.92887997627
3.7734 1.52824997902
3.7858 1.46464002132
3.801 1.43315005302
3.8208 1.50141000748
3.8408 1.34658002853
3.8615 1.32791996002
3.8824 1.42782998085
3.9033 1.45636999607
3.9243 1.65181005001
3.9404 1.54270994663
3.9502 1.37715005875
3.9661 1.38838994503
3.9811 1.55946004391
3.996 1.57105994225
4.0166 1.6567800045
4.0366 2.57764005661
4.0569 15.2292995453
4.0795 1.61237001419
4.1118 1.72205996513
4.1229 3.44275999069
4.1334 2.37175989151
4.144 4.87577009201
4.1662 1.75001001358
4.1868 3.31385993958
4.2022 3.09770011902
4.2183 2.89520001411
4.2404 4.10388994217
4.2642 3.56826996803
4.2801 3.22474002838
4.2961 3.83627009392
4.3197 2.76293992996
4.3423 2.75171995163
4.3576 2.26460003853
4.375 3.2191400528
4.3986 3.85296988487
4.415 2.92550992966
4.4325 2.35087990761
4.4572 2.92451000214
4.4734 4.02759981155
4.4915 3.45254993439
4.5098 3.29711008072
4.5262 3.5421500206
4.5518 3.7032699585
4.5686 1.7589199543
4.5846 2.34647989273
4.6101 4.8704199791
4.626 2.90494990349
4.6443 4.72481012344
4.669 4.31364011765
4.685 3.81487011909
4.7054 3.30384993553
4.7225 3.39798998833
4.7438 4.4667801857
4.7603 3.66145992279
4.7809 3.63091993332
4.7982 3.08077001572
4.8192 3.4116499424
4.8355 3.75764989853
4.857 4.53560018539
4.874 2.6328599453
4.8952 4.12591981888
4.9124 3.68333005905
4.9342 2.61329007149
4.9506 3.05272006989
4.9721 2.35788989067
4.9895 3.0983300209
5.0045 5.0967798233
5.0228 2.826390028
5.0419 2.70008993149
5.0608 6.02271986008
5.0801 7.31077003479
5.0967 3.59869003296
5.1161 3.2995800972
5.1358 5.21569013596
5.1573 3.46192002296
5.1743 2.73985004425
5.1902 2.4096300602
5.211 2.96248006821
5.2335 3.37943005562
5.2495 4.35810995102
5.2684 4.46645021439
5.2817 3.66349005699
5.2975 4.4430398941
5.3101 2.73411011696
5.3235 2.87344002724
5.3381 3.92050004005
5.362 4.31118011475
5.3807 6.35087013245
5.3962 6.56416988373
5.41 4.23373985291
5.4289 3.21358990669
5.446 4.45101976395
5.4618 3.30747008324
5.482 3.18489003181
5.5057 3.71941995621
5.5207 5.0471701622
5.5372 3.89103007317
5.5601 4.70078992844
5.5809 3.96199989319
5.5959 5.56898021698
5.6106 4.4847202301
5.6311 3.52394008636
5.6471 3.84294009209
5.6639 4.13274002075
5.6809 5.18030977249
5.71 4.75511980057
5.7242 5.15537977219
5.741 5.08674001694
5.7636 3.46577000618
5.7872 3.86037993431
5.8029 2.50026011467
5.8195 3.48787999153
5.8416 2.72553992271
5.865 4.28751993179
5.8801 3.68780994415
5.8959 4.99231004715
5.9191 5.27099990845
5.9421 2.83925008774
5.965 4.6468501091
5.9986 4.43229007721
6.0217 5.00148010254
6.0455 5.02915000916
6.076 3.85051989555
6.0992 4.73693990707
6.124 4.13020992279
6.1598 5.77299976349
6.1956 6.52105998993
6.2304 6.58568000793
6.2569 9.45648956299
6.2843 8.76121044159
6.3186 7.77804994583
6.345 5.61046981812
6.3614 6.01386976242
6.3803 8.15950012207
6.3991 6.50517988205
6.4155 6.702439785
6.4419 7.66631984711
6.4771 6.14262008667
6.5123 6.37963008881
6.5497 6.17666006088
6.5761 6.62145996094
6.5947 6.95371007919
6.6113 9.62405014038
6.6377 6.64507007599
6.6729 6.70570993423
6.7075 6.35686016083
6.7344 6.67347002029
6.7612 7.70560979843
6.7965 6.2028298378
6.831 6.6596198082
6.8657 7.20848989487
6.8925 9.34220981598
6.9193 9.45693969727
6.954 13.6739997864
6.989 34.256401062
7.0154 9.50798988342
7.0346 9.50228977203
7.0538 9.53763008118
7.0827 8.6680803299
7.1109 8.18735027313
7.1307 7.25221014023
7.1504 8.09514045715
7.1691 6.52416992188
7.1898 8.50360965729
7.2096 6.67238998413
7.2292 7.38848018646
7.249 7.62938022614
7.2775 9.1339302063
7.308 8.44141960144
7.3268 6.84417009354
7.3474 7.50545978546
7.3672 7.58314990997
7.3868 8.44985961914
7.4056 7.51932001114
7.4345 10.2123003006
7.4655 19.6147003174
7.4852 11.0579996109
7.5049 14.1723003387
7.5245 10.5022001266
7.5535 10.7319002151
7.5835 11.8517999649
7.6128 11.3177995682
7.6424 11.3763999939
7.6621 10.4628000259
7.6817 10.4875001907
7.7013 10.2680997849
7.7303 9.88195037842
7.7584 9.95081043243
7.7798 9.89181041718
7.7994 9.4170999527
7.8284 9.34531974792
7.8582 9.76879024506
7.8785 9.03581047058
7.9104 9.01926040649
7.9557 8.86466026306
8.0003 8.93634986877
8.0318 9.44532012939
8.0647 8.92113018036
8.1066 9.84142017365
8.1507 9.01292991638
8.1952 9.00430965424
8.2275 8.81523990631
8.2483 8.75129032135
8.269 8.65429973602
8.3012 9.61785030365
8.3457 9.17640972137
8.3924 9.11717987061
8.4247 10.176199913
8.4581 10.4829998016
8.5063 10.8080997467
8.5499 10.7378997803
8.5813 10.6765003204
8.616 10.9629001617
8.6622 11.3475999832
8.6969 11.5284996033
8.7297 12.3007001877
8.7772 12.269900322
8.8111 11.7435998917
8.8442 12.220000267
8.8939 10.7025003433
8.9286 9.11787986755
8.9609 14.0381002426
9.0112 29.0384998322
9.0441 10.8066997528
9.0807 10.1777000427
9.117 10.5869998932
9.1507 11.0438995361
9.1996 10.6240997314
9.2334 10.9168996811
9.2682 10.4205999374
9.3186 11.8106002808
9.3507 12.5145998001
9.3912 12.8149995804
9.4269 11.7476997375
9.4694 13.6246004105
9.503 13.690199852
9.5451 14.1484003067
9.5789 14.60779953
9.6206 14.2184000015
9.6547 14.9041996002
9.6963 14.8345003128
9.7303 14.9491996765
9.7728 16.0839996338
9.8059 16.4221000671
9.8494 17.0454006195
9.883 16.6026000977
9.9265 17.9747009277
9.9599 17.8309001923
9.9903 19.3335990906
10.0274 19.344499588
10.0663 19.4815998077
10.1041 20.0133991241
10.1428 21.2199001312
10.1868 20.1996994019
10.2206 20.9083003998
10.252 21.9762001038
10.2937 22.4636993408
10.3301 23.9696998596
10.3626 24.4934997559
10.4007 22.7978992462
10.4394 24.4232006073
10.4835 28.4948005676
10.517 34.370300293
10.55 28.2226009369
10.5923 30.1245002747
10.6265 30.7329006195
10.658 30.2434997559
10.6999 32.0386009216
10.7362 32.9609985352
10.7681 32.0670013428
10.8103 34.4183006287
10.8477 36.9463996887
10.8762 36.740398407
10.9085 36.9964981079
10.9476 37.3629989624
10.9881 38.7425003052
11.0203 42.4105987549
11.0655 43.1034011841
11.0991 41.8683013916
11.1322 43.5945014954
11.1642 44.2540016174
11.208 49.3415985107
11.2442 49.2513999939
11.2766 51.0094985962
11.3095 54.3353004456
11.3422 48.6767997742
11.3858 49.4337997437
11.4223 50.4896011353
11.454 50.037399292
11.4866 48.2512016296
11.5195 51.8530006409
11.5506 51.2046012878
11.5944 49.1561012268
11.6337 50.5337982178
11.6646 51.4747009277
11.6973 52.1836013794
11.7291 52.4841003418
11.775 53.3035011292
11.8289 53.7382011414
11.8754 51.8340988159
11.9072 53.2989006042
11.9391 56.2588005066
11.9739 56.07970047
12.0193 54.1787986755
12.0762 54.0652008057
12.1207 55.3923988342
12.1522 52.3238983154
12.1881 53.8609008789
12.2174 54.4160995483
12.2532 57.223400116
12.2836 52.1002998352
12.3518 52.9702987671
12.4043 50.6094017029
12.4467 50.2097015381
12.4794 49.4002990723
12.5113 51.8897018433
12.5442 48.6899986267
12.5919 52.0101013184
12.6416 48.3112983704
12.7095 50.9822006226
12.7771 123.721000671
12.8432 203.824005127
12.9137 47.1136016846
12.9815 48.0517997742
13.0307 53.4336013794
13.0788 51.0027999878
13.1467 48.0214004517
13.2143 47.2729988098
13.282 47.278301239
13.3525 47.8152008057
13.4253 46.729598999
13.4753 49.6034011841
13.5367 49.1180000305
13.6096 48.5512008667
13.6607 49.557598114
13.7169 51.5993995667
13.7915 52.1818008423
13.8487 52.3876991272
13.9005 50.7969017029
13.9773 52.7361984253
14.0509 50.8042984009
14.1035 54.2480010986
14.1606 54.0541000366
14.2345 53.7088012695
14.2882 56.1738014221
14.3439 54.5923995972
14.4187 55.9599990845
14.475 56.9880981445
14.5277 54.8835983276
14.6032 55.9866981506
14.6773 57.4136009216
14.7289 59.2218017578
14.7904 60.7817001343
14.8498 61.1277999878
14.9092 59.2829017639
14.9724 61.279800415
15.0282 61.1899986267
15.1092 63.1506004333
15.1647 64.3125991821
15.2295 65.2674026489
15.287 64.0006027222
15.3498 63.6226005554
15.4098 62.8558006287
15.47 61.4174003601
15.531 94.8722991943
15.589 104.888000488
15.6526 65.9703979492
15.7094 67.640296936
15.7766 67.8583984375
15.8329 65.4378967285
15.9187 70.2685012817
15.9822 74.5999984741
16.0418 73.0161972046
16.0847 74.4614028931
16.1336 73.0236968994
16.1959 75.702796936
16.2332 76.8650970459
16.2848 75.243598938
16.3355 75.9909973145
16.3854 77.6800994873
16.4362 78.293296814
16.495 79.899597168
16.558 80.5792999268
16.6124 79.8483963013
16.672 80.7780990601
16.7249 83.1890029907
16.7892 83.9031982422
16.8516 83.8664016724
16.92 86.6654968262
16.9761 86.12449646
17.0268 87.6977996826
17.0894 87.9897003174
17.1542 89.3506011963
17.2236 91.7037963867
17.2794 91.9251022339
17.331 92.0077972412
17.4003 94.8007965088
17.4558 95.0695037842
17.5107 93.2570037842
17.5807 93.881401062
17.6377 94.0085983276
17.6907 96.4216003418
17.7604 97.5257034302
17.8199 98.1356964111
17.8719 104.151000977
17.9428 100.463996887
18.0014 105.049003601
18.0506 106.933998108
18.104 102.458999634
18.1684 104.026000977
18.2319 104.236000061
18.2859 103.702003479
18.3599 110.332000732
18.4166 110.476997375
18.4689 111.478996277
18.5219 112.668998718
18.6011 110.38999939
18.6604 124.379997253
18.7076 312.149993896
18.7618 127.782997131
18.8159 118.697998047
18.8917 123.693000793
18.9479 123.257003784
18.9978 124.632003784
19.0512 127.39099884
19.1049 124.410003662
19.1782 121.682998657
19.2397 116.947998047
19.2878 121.308998108
19.3423 120.348999023
19.3961 124.375
19.4567 122.117996216
19.527 126.446998596
19.56 118.550003052
19.6095 126.304000854
19.6626 122.198997498
19.7425 125.185997009
19.8518 129.753997803
19.9291 128.479995728
20.0079 127.73400116
20.1169 132.738006592
20.1958 136.86000061
20.2492 132.328994751
20.3015 137.513000488
20.3822 135.322998047
20.4903 136.602996826
20.5676 137.444000244
20.6452 136.050994873
20.7577 138.654998779
20.8325 139.975006104
20.89 140.151992798
20.9422 139.67300415
21.03 142.56199646
21.1452 142.404998779
21.2261 143.386993408
21.3052 145.539001465
21.4136 146.395004272
21.5302 149.37399292
21.643 150.033996582
21.7274 150.985992432
21.8143 156.910003662
21.9293 153.973007202
22.0509 157.046005249
22.1737 158.791000366
22.294 157.307006836
22.4124 160.718002319
22.5022 158.89100647
22.5654 158.611999512
22.6222 164.945007324
22.7106 161.703994751
22.8321 164.203994751
22.9506 164.92300415
23.0719 167.180999756
23.1942 169.740997314
23.3141 172.272994995
23.432 174.203994751
23.5592 178.73399353
23.6791 182.722000122
23.7682 180.858001709
23.8322 184.417007446
23.8952 184.800003052
23.9596 186.824996948
24.0222 188.753997803
24.0862 190.843994141
24.1492 196.026000977
24.2132 197.401000977
24.2796 199.695999146
24.3435 202.921005249
24.4482 208.207992554
24.5827 213.156997681
24.7181 219.539001465
24.848 226.781005859
24.9866 231.406005859
25.1187 237.246994019
25.22 243.490005493
25.2861 247.867004395
25.3534 250.617996216
25.4197 254.882003784
25.4833 255.167007446
25.5857 259.993988037
25.7218 263.738006592
25.8549 266.95098877
25.9893 271.470001221
26.1226 273.257995605
26.2596 280.402008057
26.3917 282.255004883
26.4901 284.592010498
26.588 285.993988037
26.7235 287.877990723
26.8686 284.216003418
27.0159 287.757995605
27.1238 292.403015137
27.2326 290.984985352
27.3852 299.032989502
27.4963 302.665008545
27.5788 304.419006348
27.6394 307.938995361
27.7646 311.406005859
27.8693 316.066009521
27.9811 325.164001465
28.1313 333.971008301
28.2443 327.49798584
28.3577 335.848999023
28.5084 333.199005127
28.6213 343.704986572
28.726 348.631988525
28.8758 353.820007324
28.9901 347.653015137
29.1014 355.614013672
29.2548 370.143005371
29.4058 372.235992432
29.5122 406.791992188
29.6382 418.898986816
29.7804 423.744995117
29.8657 429.088989258
30.0179 409.518005371
30.1397 422.511993408
30.2723 420.541992188
30.3874 429.359008789
30.5055 417.513000488
30.5827 431.75100708
30.6605 440.802001953
30.7536 418.973999023
30.8699 421.915985107
31.0314 428.618988037
31.1491 436.864990234
31.2715 421.811004639
31.3927 424.446990967
31.5107 433.071990967
31.6318 412.489013672
31.7575 451.945007324
31.8782 451.756011963
31.9995 426.610992432
32.1229 442.299987793
32.2175 436.332000732
32.3462 443.407012939
32.486 433.279998779
32.6144 426.618011475
32.7429 428.509002686
32.8649 418.208007812
33.0026 434.67401123
33.0852 420.601989746
33.2145 418.450012207
33.3473 410.855987549
33.4862 451.144012451
33.615 423.092010498
33.703 406.980987549
33.8318 402.665985107
33.9553 407.338989258
34.0845 393.970001221
34.2102 397.645996094
34.3089 397.562011719
34.4002 388.557006836
34.5363 401.132995605
34.6674 406.522003174
34.8089 414.115997314
34.939 399.734985352
35.0419 387.32598877
35.1349 382.752990723
35.2738 418.716003418
35.4141 418.134002686
35.5162 410.848999023
35.6139 379.351013184
35.7446 400.890014648
35.8832 372.872009277
36.0317 398.164001465
36.1683 387.411010742
36.2601 355.87399292
36.3616 365.217987061
36.4566 353.29800415
36.5974 357.644012451
36.7306 341.321990967
36.8756 343.29598999
37.0634 354.515014648
37.2017 322.131988525
37.306 336.335998535
37.4188 314.121002197
37.5162 329.50201416
37.6283 338.45199585
37.7767 328.821014404
37.9124 301.316986084
38.0077 309.322998047
38.116 299.615997314
38.2228 298.691009521
38.3223 300.368988037
38.4817 295.20300293
38.6085 294.412994385
38.7109 286.834991455
38.8169 284.101989746
38.9697 297.871002197
39.1567 300.691986084
39.2939 277.246002197
39.4083 286.901000977
39.5589 266.864013672
39.7804 254.102996826
39.9333 264.42199707
40.0417 257.786987305
40.1483 267.321990967
40.2569 255.022003174
40.4047 238.856002808
40.5591 243.223007202
40.7141 245.921005249
40.8724 233.964004517
40.9844 243.160003662
41.0882 220.748001099
41.193 250.158004761
41.3072 214.865997314
41.4225 210.634994507
41.5272 212.863998413
41.6452 221.56300354
41.7561 216.134002686
41.8661 229.856994629
41.9774 210.839004517
42.084 212.79800415
42.2417 219.876998901
42.4264 207.382003784
42.5362 189.048995972
42.6979 220.23399353
42.9209 201.205993652
43.0454 170.64943355
43.0828 184.399993896
43.1149 170.221865702
43.1843 167.973566064
43.2418 207.369995117
43.2537 166.007712324
43.323 164.404623904
43.3922 163.831775885
43.4613 168.183467939
43.4682 173.705001831
43.5304 166.615798271
43.5994 165.253012634
43.6324 200.016998291
43.6684 162.454264456
43.7373 161.081782173
43.8039 193.712005615
43.8062 161.886671612
43.8749 160.988646903
43.9437 163.073945694
43.9712 191.223999023
44.0123 161.117845107
44.0809 160.630119628
44.1495 157.773010749
44.1569 180.973999023
44.218 160.292567847
44.2864 157.618565101
44.3408 162.966003418
44.3548 158.254147482
44.4231 156.23855605
44.4523 180.072998047
44.4914 155.076619825
44.5596 155.10070322
44.5669 159.225997925
44.6278 154.105000058
44.6852 156.692993164
44.6959 154.235836972
44.764 150.51536494
44.832 152.455982536
44.8485 144.061004639
44.9 151.996205548
44.9679 149.057466279
45.0118 141.684005737
45.0358 149.760992992
45.1036 148.98401814
45.1714 146.478395732
45.1798 151.192993164
45.2392 148.184790728
45.3069 144.052053013
45.3347 128.98399353
45.3745 146.63314652
45.4421 143.575448163
45.5097 144.366301198
45.5772 141.351175412
45.6447 141.548464867
45.7122 142.54456358
45.7796 141.994216752
45.847 140.119949983
45.9143 139.559804796
45.9816 141.474248229
46.0489 140.462734335
46.1161 139.888383223
46.1833 138.084456693
46.2505 135.352104547
46.3176 135.903265079
46.3847 136.656879829
46.4518 134.883941882
46.5188 134.21295205
46.5858 133.113671077
46.6528 131.546114424
46.7198 131.82737367
46.7867 133.735612606
46.8536 133.089519874
46.9205 132.554870764
46.9873 131.779308593
47.0542 133.131165726
47.121 131.600078859
47.1877 133.554179089
47.2545 131.932703206
47.3212 130.191578847
47.388 132.192308869
47.4547 132.124522758
47.5213 130.730002642
47.588 128.571979006
47.6547 127.780470486
47.7213 129.022827846
47.7879 127.876487626
47.8545 127.595352696
47.9211 128.153734856
47.9876 127.92126398
48.0542 127.461656514
48.1207 128.734595605
48.1873 128.264003127
48.2538 125.617971475
48.3203 125.67629827
48.3868 124.815071091
48.4533 123.813016512
48.5198 125.157448591
48.5863 125.38185023
48.6527 125.855844445
48.7192 122.262106899
48.7857 123.921103603
48.8521 121.341931343
48.9186 120.519072594
48.985 120.058900056
49.0515 120.348974434
49.1179 116.6191561
49.1844 118.036572958
49.2508 116.553652882
49.3173 117.029240602
49.3837 117.540642624
49.4502 113.958545575
49.5166 114.632824129
49.5831 116.40143362
49.6495 114.885558509
49.716 116.574470158
49.7825 115.724250592
49.849 114.010351432
49.9154 115.865100594
49.9819 115.089888768
50.0484 114.498178625
50.115 115.307430425
50.1815 112.614949804
50.248 113.299354459
50.3305 112.16936744
50.4005 112.92897196
50.4705 113.623536621
50.5666 110.430944128
50.6397 112.196038868
50.7128 115.539799588
50.7858 110.094782427
50.8586 110.385625304
50.9314 105.771637842
51.004 110.927450836
51.0766 106.465207975
51.149 114.570620935
51.2214 107.27099023
51.2936 112.080131172
51.3658 113.625344854
51.4379 113.453856615
51.5099 109.380191592
51.5818 113.497559331
51.6536 135.29050033
51.7253 238.024974554
51.7969 312.400330032
51.8684 329.766322606
51.9398 302.673938454
52.0112 245.252818434
52.0825 125.343391387
52.1536 109.228639115
52.2247 107.572524281
52.2957 109.876686998
52.3667 108.051265106
52.4375 105.599415009
52.5083 110.518959839
52.579 110.173112793
52.6496 109.907020097
52.7201 110.065263033
52.7905 110.065669885
52.8609 107.457012136
52.9312 103.031046937
53.0014 108.76079289
53.0716 106.513386067
53.1416 105.267581764
53.2116 105.462927368
53.2815 103.402164031
53.3514 105.311420097
53.4212 104.451515188
53.4909 99.0836982476
53.5605 102.503303015
53.6301 106.284090899
53.6996 103.448081832
53.769 106.401377372
53.8384 104.894328695
53.9077 99.1691598306
53.977 97.1024971354
54.0461 103.77020713
54.1153 103.793849768
54.1843 102.697461967
54.2533 103.600301095
54.3223 97.5716317258
54.3911 99.6254672725
54.4599 98.9297159587
54.5287 100.427723474
54.5974 96.6238919279
54.6661 103.488281098
54.7346 101.075658342
54.8032 98.1998116557
54.8717 101.148778739
54.9401 96.3537194069
55.0085 98.28248178
55.0768 91.7667085116
55.1451 93.4765052445
55.2133 90.9731148737
55.2815 100.207232137
55.3496 97.9118167444
55.4177 95.0949523377
55.4857 102.949631274
55.5537 96.5829467659
55.6217 96.6907513203
55.6896 92.2668486366
55.7574 94.9461122096
55.8252 89.8614475088
55.893 91.1775524968
55.9607 92.1283097824
56.0284 93.3135326502
56.0961 95.6692017368
56.1637 91.7687936296
56.2312 92.6062990608
56.2988 93.8762828215
56.3663 90.4416923284
56.4337 92.3206265978
56.5012 94.2514571367
56.5686 92.4837291588
56.6359 89.8929729102
56.7033 89.6642428152
56.7705 89.964612817
56.8378 92.6925573962
56.905 93.850289481
56.9722 91.4557773026
57.0394 97.302611953
57.1066 105.499577978
57.1737 111.978011248
57.2408 137.703676858
57.3078 144.082013163
57.3749 142.539771764
57.4419 137.625176969
57.5089 106.88566721
57.5758 93.9721812958
57.6536 91.6807609661
57.7259 87.7077636301
57.7981 88.7455420993
57.8702 87.2443306225
57.9104 88.7454121325
57.9756 90.4831291036
58.0476 87.1900780003
58.1194 89.7360804974
58.1912 88.0086365465
58.2629 89.9838704919
58.3346 86.4993219284
58.3779 86.2305959933
58.4395 87.6143740783
58.511 89.3611830678
58.5824 89.6389275618
58.6537 86.7559496587
58.725 88.2017444636
58.7962 85.2282023717
58.8673 84.7589378146
58.9115 91.3778650897
58.9717 87.4894760771
59.0426 82.7949488144
59.1136 85.4596730689
59.1844 88.382980205
59.2552 84.1356231599
59.3259 87.0515900026
59.3966 83.2660159531
59.4672 89.6353110971
59.5377 86.8217749681
59.5777 85.1621623346
59.6415 86.5329437493
59.7119 87.5797294759
59.7822 85.3873042185
59.8525 87.3595884847
59.9228 87.1509806257
59.9929 82.6830305313
60.0631 84.0511052481
60.1331 84.5209292271
60.2031 85.6114741775
60.2439 83.3527376481
60.3064 85.308312717
60.3763 81.6783314134
60.4462 84.7891409461
60.516 84.2902439808
60.5857 84.382780273
60.6554 85.254941608
60.7251 85.7553021114
60.7947 83.5901246557
60.8643 84.3592902042
60.9338 85.1443060398
61.0033 84.4854935231
61.0442 88.4683287734
61.1061 83.3230769863
61.1755 80.9426407668
61.2448 84.7847729348
61.3141 81.5034414375
61.3834 82.8670690329
61.4526 82.0855792504
61.5218 81.6457436754
61.591 82.1692608547
61.6601 83.1346874256
61.7291 80.7973605962
61.7982 81.8723490974
61.8672 78.9752048236
61.9361 82.4435245014
62.0051 79.6005650412
62.074 77.5016140965
62.1147 85.2028701661
62.1764 79.8520732135
62.2452 81.2336362138
62.314 78.7807633352
62.3828 82.7684695114
62.4516 79.0481500481
62.5203 80.4699179653
62.5931 79.7407991132
62.6632 79.4342359156
62.7332 79.4055754323
62.8031 81.200466451
62.8729 83.0628779971
62.9426 82.663987584
63.0123 100.224026096
63.0818 217.643890098
63.1513 279.257442106
63.2207 292.984864272
63.2901 269.320391455
63.3594 212.077065883
63.4285 107.391169874
63.4977 83.1355237331
63.5667 80.2126686551
63.6357 79.6191333275
63.7046 78.1790005502
63.7734 77.074232722
63.8422 78.3487879202
63.9109 74.973326626
63.9795 77.1634633394
64.048 78.6325052319
64.1165 77.5491310531
64.185 75.2001750292
64.2533 74.6880158096
64.3216 74.4498490018
64.3898 75.8765330507
64.458 74.5479399579
64.5261 77.105972851
64.5942 73.7841425992
64.6621 74.1618032339
64.7301 75.0442093355
64.7979 74.9507858792
64.8657 74.5988247473
64.9335 73.797229681
65.0012 74.7077198918
65.0688 73.4459805406
65.1364 74.7179477062
65.2039 72.3298773557
65.2714 75.6514250712
65.3389 73.0900639003
65.4062 73.7929464306
65.4736 72.9596338382
65.5408 71.173710522
65.6081 72.3596001755
65.6752 71.1909678398
65.7424 70.7423397348
65.8094 73.0264988813
65.8765 73.6795363558
65.9435 74.085913981
66.0104 73.8389376911
66.0773 72.9424160755
66.1442 71.2301217216
66.211 71.6317131817
66.2778 70.5528482824
66.3445 72.6401248268
66.4112 69.9751971462
66.4778 70.9930002982
66.5445 72.7202747272
66.611 71.0605151748
66.6776 70.8609936835
66.7441 71.7205765019
66.8106 70.1434362172
66.877 69.397212617
66.9434 69.7195413408
67.0098 69.8309736614
67.0761 69.8476602559
67.1424 69.1546947501
67.2087 71.2339246603
67.2749 70.4212711229
67.3411 68.9395942066
67.4073 69.8257354382
67.4735 69.8844408327
67.5396 71.4583884571
67.6057 70.4976011324
67.6718 70.3533889491
67.7378 70.4524348779
67.8038 68.5896503839
67.8698 70.2551058684
67.9358 69.0915874399
68.0018 70.8510427546
68.0893 68.58269434
68.1598 69.6530153413
68.1995 68.9894957697
68.2631 69.5896593991
68.3334 68.5426306912
68.4036 69.3448303852
68.4738 65.4114220369
68.5438 67.6749842865
68.6138 64.6337860498
68.6837 66.9239914733
68.726 67.3379297702
68.7864 65.8302595134
68.8562 63.5792305746
68.9259 66.2387392088
68.9955 65.8187263813
69.0651 66.0139589714
69.1346 66.0609447597
69.204 64.9124685644
69.2733 65.7500361536
69.3426 65.5180455895
69.3829 65.953106301
69.4446 63.1210809959
69.5138 66.0060479547
69.5829 63.0978678127
69.6519 64.6197552966
69.7209 65.0898053047
69.7898 65.3619838334
69.8586 62.5433620509
69.9274 64.924487659
69.9961 62.2253391805
70.0904 61.4711989129
70.162 62.6538224466
70.2335 62.8431161235
70.3049 63.2265122453
70.3762 62.0937959253
70.4473 59.2712355867
70.5183 57.7610564074
70.5893 59.4824936363
70.6601 57.7306159454
70.7308 60.7191098589
70.8014 66.6645779351
70.8719 64.874213148
70.9423 62.5123960713
71.0126 64.1687369344
71.0828 64.6158845492
71.1529 60.0507589164
71.2229 60.2638930071
71.2927 59.7076581231
71.3625 62.9850454134
71.4322 61.0389974689
71.5018 55.3769415652
71.5713 61.3574271916
71.6407 58.1251496485
71.71 56.6774392474
71.7792 62.9473268161
71.8483 60.4874526877
71.9173 61.1868035141
71.9862 57.9843222502
72.0551 56.6463602533
72.1238 58.8967902152
72.1925 60.5296523109
72.261 58.2192116368
72.3295 56.0966858624
72.3979 58.8907439382
72.4662 58.4997136853
72.5344 63.943482036
72.6025 58.5091673502
72.6706 61.8739431212
72.7385 57.4123613952
72.8064 61.0134109807
72.8742 58.7294835139
72.942 58.9153076449
73.0096 58.8207935986
73.0772 60.7983612938
73.1446 54.7480100886
73.2121 61.4989665814
73.2794 66.0302048092
73.3466 61.2725815378
73.4138 63.3795113078
73.4809 57.3295726057
73.548 59.3510464435
73.6149 61.0698391325
73.6818 58.8982481025
73.7486 59.2661442824
73.8154 61.3109895237
73.8821 57.8895765241
73.9487 63.0007996381
74.0152 59.5738997833
74.0817 56.9469845378
74.1481 55.6617777206
74.2145 63.3334465879
74.2808 54.4736560303
74.347 63.9974973277
74.4131 58.0780395442
74.4792 63.2405599506
74.5453 55.5331106851
74.6112 58.8609928647
74.6771 62.0874727627
74.743 58.2993389343
74.8088 57.9913574043
74.8745 58.7389710832
74.9402 56.2506003426
75.0058 51.2488035414
75.0714 62.3089247224
75.1369 62.822943031
75.2024 57.5522733759
75.2678 57.1558071244
75.3332 50.014888366
75.3985 53.7767915234
75.4637 50.3427604522
75.5289 53.6948559935
75.5941 64.7603623166
75.6592 60.6233413513
75.7242 56.741507181
75.7892 66.6820669326
75.8542 56.7171299482
75.9191 56.9034287402
76.0023 55.0390281385
76.0724 56.1941778415
76.1136 52.9307421942
76.1749 55.2027748823
76.2448 55.9727315326
76.3147 56.6247857807
76.3844 56.3534322579
76.4541 53.8204772876
76.5236 51.6670137873
76.566 51.8517868833
76.6253 52.0157540053
76.6947 53.4041769872
76.7639 53.2586312325
76.8331 53.6547866941
76.9022 50.8041931027
76.9711 51.3778548263
77.04 55.822518278
77.0808 57.259232366
77.1409 50.6909299468
77.2096 51.131031106
77.2782 50.7044012781
77.3467 53.4244404913
77.4151 56.4891740027
77.4835 52.7666846605
77.5517 53.7336821332
77.6199 57.1242704215
77.6574 52.6324686118
77.72 53.1158938888
77.788 54.1464111747
77.8559 50.8591690179
77.9237 53.3827324813
77.9915 52.2274697638
78.0591 57.2672733494
78.1267 55.302029888
78.1942 51.3176124343
78.2321 54.1290803975
78.2936 53.7995582993
78.3609 49.3655634186
78.4282 53.9188394786
78.4954 54.1777501022
78.5625 52.1426919186
78.6296 51.6436423838
78.6966 50.9043465739
78.7635 55.5249679886
78.8304 50.9903167222
78.8687 50.0835842444
78.929 53.3522242105
78.9957 53.1993099089
79.0623 52.3401565456
79.1289 54.3951561419
79.1954 50.5449716891
79.2618 50.7972088052
79.3282 49.5519526222
79.3945 50.114838411
79.4608 50.413179802
79.527 48.0783336415
79.5931 57.1961194051
79.631 49.874693849
79.6909 56.0810277001
79.757 51.7835995702
79.8229 52.1822639542
79.8888 50.7599592181
79.9547 55.8153418558
80.0204 51.0586848585
80.1179 46.6590746468
80.1836 49.3434634284
80.2492 50.3462017444
80.3148 48.5032682516
80.3803 50.0787302706
80.4457 51.5504110522
80.5027 51.817181836
80.5765 51.1741687498
80.6418 47.7229142651
80.7071 50.5074000107
80.7723 52.0016102377
80.8375 49.7493776941
80.9026 51.6756820013
80.9714 48.1048468488
81.0327 51.4103125976
81.0977 51.5669733307
81.1627 49.1392574851
81.2276 47.1823573209
81.2924 50.8205010985
81.3573 48.7598564267
81.4221 49.8280245014
81.4868 51.1256572654
81.5515 50.5515604359
81.6162 49.4119784836
81.6808 46.5366347115
81.7454 50.5918501137
81.8099 53.0354558013
81.8745 51.9046494268
81.9389 51.615032757
82.0034 50.9067707354
82.0902 44.5859051404
82.1553 43.0797888332
82.2202 47.5515164381
82.285 51.8742428692
82.3498 47.198464716
82.4145 49.1027989997
82.4791 46.1986110957
82.5437 45.0742013433
82.6081 44.2418041685
82.6725 46.5165124755
82.7368 48.9925815852
82.801 48.342324268
82.8652 48.4459416343
82.9293 49.4465439757
82.9933 48.2328357972
83.0572 48.6677156854
83.1211 47.4589688444
83.1849 44.6962920766
83.2486 41.4176814041
83.3123 48.4767663457
83.3758 49.4540820445
83.4394 44.3111357536
83.5028 48.6791753581
83.5662 48.3580671912
83.6295 45.2329697973
83.6928 49.0780544697
83.7559 48.84812077
83.8191 46.5336398266
83.8821 41.4768388566
83.9451 40.9494170255
84.0081 50.1698199769
84.0709 49.3595849503
84.1338 50.9466987667
84.1965 48.2156236852
84.2592 48.0582283577
84.3218 45.0111561911
84.3844 42.1149640647
84.447 47.9425240881
84.5094 41.607582534
84.5719 46.0959176232
84.6342 45.9884831913
84.6965 45.6987365548
84.7588 47.0889875466
84.821 43.5886197752
84.8831 47.4226007706
84.9453 46.9498525408
85.0073 40.0837370735
85.0693 46.214642206
85.1313 45.9752633174
85.1932 46.9434587441
85.255 41.7003392046
85.3169 43.130295024
85.3786 45.6465549238
85.4404 44.651241662
85.502 47.7945259182
85.5637 44.0412429436
85.6253 48.3995717751
85.6868 55.8124260811
85.7483 46.2982786044
85.8098 47.0959012101
85.8712 47.1945600642
85.9326 42.7227476984
85.994 45.168593899
86.0553 38.995548476
86.1166 49.0285654096
86.1778 43.7833974818
86.239 45.7815762009
86.3002 45.3700959699
86.3613 47.1785430808
86.4224 47.1685949773
86.4835 44.3385700293
86.5445 44.3181935106
86.6055 46.2500892114
86.6665 48.5914082788
86.7274 43.0992132045
86.7883 49.0202870957
86.8492 46.0246534897
86.9101 43.3802605481
86.9709 37.8698786116
87.0317 40.627269125
87.0925 40.5282005933
87.1532 45.769757707
87.2139 45.010735212
87.2746 39.4610553001
87.3353 42.5560427995
87.3959 38.2416596657
87.4566 43.397370947
87.5171 41.7262901646
87.5777 42.8386497435
87.6383 43.9977803831
87.6988 41.4877249807
87.7593 41.3556533826
87.8198 48.4235873614
87.8803 49.8136547046
87.9408 42.2089441175
88.0012 48.4037533125
88.0616 43.1928203094
88.122 49.3650944083
88.1824 67.8760653782
88.2428 117.153240138
88.3032 128.632351365
88.3635 149.187319967
88.4238 139.900633997
88.4842 132.737581344
88.5445 84.1812640754
88.6048 57.3676924046
88.6651 40.3613770291
88.7253 47.9129933929
88.7856 43.6190913162
88.8459 45.4806411265
88.9061 47.0005678084
88.9664 45.3926197645
89.0266 38.2105778462
89.0868 46.8974448807
89.147 47.9334490218
89.2073 43.6885472172
89.2675 43.4288398412
89.3277 39.0513070167
89.3879 39.1012989914
89.4481 39.9620910653
89.5083 47.3056618173
89.5685 37.608634238
89.6287 39.3385080011
89.6889 42.6098603158
89.749 42.1100083778
89.8092 43.0564993652
89.8694 35.7052040705
89.9296 44.0031598744
89.9898 43.8549045965
90.05 47.3411738061
90.1102 43.6058799183
90.1704 46.577209751
90.2306 46.2459104994
90.2908 41.5303342816
90.3511 39.5980628075
90.4113 34.932218631
90.4715 44.2808789402
90.5317 33.2089449161
90.5931 35.8045975189
90.6522 40.2453647949
90.7266 36.9398114599
90.7727 39.5512606678
90.833 41.9835507762
90.8902 36.8890792401
90.9536 40.5937207636
91.0236 38.8653868234
91.0742 32.1783004888
91.1569 35.210841813
91.1949 35.8163764577
91.2552 43.5150021143
91.3203 40.1467285438
91.376 38.3714879254
91.4535 37.6085890322
91.6159 37.0608217614
91.6781 41.8471676741
91.7498 37.5129278884
91.7991 38.7226014484
91.8828 37.3545126048
91.9201 40.6735824769
91.9807 31.4657721689
92.046 40.2195777059
92.1018 27.0179358344
92.1789 33.4712714037
92.2231 34.2458079676
92.2837 38.9154748604
92.3421 38.1333606727
92.4051 32.6343282198
92.4749 34.6826627845
92.5266 30.514204004
92.6077 35.7498250299
92.6481 40.2049084207
92.7089 35.3824826212
92.7708 36.4204419136
92.8306 42.816515849
92.9035 37.9457735151
92.9524 37.9473980989
93.059 34.2804327923
93.2023 34.8230381247
93.3454 34.5420444631
93.4883 34.4854976461
93.6311 33.817468795
93.7737 34.8210292916
93.9161 33.8509493477
94.0584 34.5042693585
94.2005 32.4703526216
94.3424 32.551327528
94.4841 32.9493420785
94.6257 34.1619229372
94.7672 34.763233664
94.9084 32.9848427658
95.0496 33.5170055562
95.1905 31.2015018314
95.3313 31.7373686729
95.472 31.9484798036
95.6125 31.1985323748
95.7528 31.4816055037
95.893 31.5879691229
96.0331 31.0530968093
96.173 31.2587154342
96.3128 31.4966364354
96.4524 29.7173470717
96.5919 31.1051089186
96.7313 32.099602825
96.8705 32.2352485074
97.0096 31.8231240936
97.1486 32.0239367759
97.2874 32.4492160803
97.4261 30.9260232786
97.5646 32.7874318207
97.7031 31.7535693049
97.8414 30.9969257655
97.9796 31.4789327102
98.1177 30.5990101028
98.2556 31.0472935135
98.3935 30.4819948647
98.5312 29.8050632945
98.6688 30.6795329511
98.8063 29.3391326658
98.9436 29.2671876199
99.0809 29.4064638938
99.2181 29.9553189294
99.3551 28.5276318766
99.4921 29.1903829494
99.6289 30.1072387033
99.7656 28.618605743
99.9023 28.8830427769
100.039 30.0460046088
100.175 30.2133791188
100.312 30.1387697554
100.448 30.3200789562
100.584 30.9273625007
100.72 29.9479221288
100.856 30.5890309203
100.992 29.5589289627
101.128 30.7351304462
101.263 29.9554149918
101.399 29.6269891344
101.535 29.8722023978
101.67 30.2956536922
101.805 29.1698934162
101.941 28.1441170895
102.076 28.3379793786
102.211 28.5557272872
102.346 29.4205624557
102.481 29.064696672
102.616 28.7626625313
102.751 27.8087380136
102.886 28.3117458822
103.021 28.7210251553
103.155 28.647653301
103.29 28.4154367079
103.425 28.5758664754
103.559 27.3370973262
103.694 27.1053412672
103.828 28.8118408014
103.962 29.661534849
104.097 28.4891250029
104.231 27.7099039871
104.365 27.1945492817
104.499 27.1053412672
104.633 27.3408211547
104.767 26.7133023597
104.901 26.6184097147
105.035 27.2952226197
105.169 27.3056425588
105.303 27.0933362994
105.437 27.2715093472
105.571 25.2959928656
105.704 25.4406542816
105.838 26.338614007
106.105 25.8874656781
106.239 24.9467779865
106.311 22.3294265951
106.373 24.9955607058
106.486 24.7649460936
106.629 23.710636425
106.773 23.9509702863
106.916 25.2435145714
107.059 23.8630449866
107.174 26.5534489663
107.23 22.0081955249
107.307 27.1130319056
107.382 22.0297149029
107.441 24.19431881
107.554 23.5773343813
107.697 23.884283241
107.839 23.545537745
107.981 24.1386083004
108.123 23.4569781513
108.265 23.5007656286
108.374 23.8877725645
108.44 21.6453510943
108.508 23.8424226614
108.616 22.2377379118
108.757 22.8790487168
108.899 23.0239064955
109.04 22.8882933048
109.182 22.2071166266
109.323 22.8336281796
109.464 21.2938377824
109.575 21.8505572162
109.635 20.9318254212
109.708 22.9855507788
109.783 20.505547351
109.841 22.0692163044
109.953 20.0188149865
110.079 20.6582313855
110.227 19.6291606855
110.374 20.7738975128
110.521 20.3849085847
110.668 19.2201385204
110.815 20.6549892814
110.961 20.6097975986
111.107 20.1670420108
111.254 20.0877948139
111.399 20.4550722392
111.545 19.9248363465
111.691 19.9477698187
111.836 20.2236552239
111.981 19.7547523133
112.126 20.3591667015
112.27 20.1977918501
112.415 19.4552468726
112.559 20.2351064205
112.703 19.2313806402
112.847 19.4872582365
112.991 19.7117743025
113.134 19.4111895731
113.278 19.539921592
113.421 20.5048904541
113.564 20.0850203074
113.706 20.2311381981
113.849 18.8419820345
113.991 20.3244500524
114.134 19.4453651652
114.276 20.1139831045
114.418 19.4263335193
114.559 20.299698459
114.701 19.1410876862
114.842 20.1289123231
114.983 19.1370022112
115.124 18.6224258934
115.265 19.2899391157
115.406 19.8396883788
115.547 20.8265170751
115.687 19.5073663457
115.827 19.2611627926
115.967 18.5665430367
116.107 19.0074338849
116.247 18.8238460287
116.387 18.6573982379
116.526 18.7536032641
116.665 17.9899641257
116.805 17.9688134575
116.944 18.2331996349
117.083 18.5973493832
117.221 18.1460018662
117.36 18.0372366884
117.498 18.0936945065
117.637 18.1426693505
117.775 17.5041189253
117.913 17.6311726785
118.051 18.1398920185
118.189 18.0257897298
118.327 17.9223842657
118.464 17.3847120173
118.602 17.2965479745
118.739 17.3521652471
118.876 16.4500155082
119.013 16.9052563755
119.15 16.4914409819
119.287 17.1806770084
119.424 16.7802962164
119.561 16.9588407994
119.697 16.5384620873
119.834 17.8681033899
119.97 16.1924186783
120.106 16.4316859651
120.242 16.7556548121
120.378 17.3058886249
120.514 17.3937221002
120.65 16.7412878407
120.786 17.4787019588
120.921 17.1253973667
121.057 17.4089423312
121.192 17.3298378152
121.327 16.7262611471
121.463 16.8789578958
121.598 18.7978767038
121.733 22.3358133284
121.868 23.8748352268
122.003 26.0300193733
122.137 23.1381034339
122.272 21.0005735688
122.407 18.3702240944
122.541 16.7969884616
122.676 16.5714453761
122.81 16.9404674631
122.945 16.6506219389
123.079 16.0474224568
123.213 17.3429475
123.341 15.7608571791
123.487 15.4058503058
123.632 15.5617594923
123.749 15.6789329507
123.806 14.7276501475
123.883 15.6362996342
123.963 14.8208532254
124.017 15.803684033
124.135 15.4279983271
124.28 15.278461747
124.424 14.8856557534
124.569 15.1468549212
124.685 15.9471912882
124.741 15.3806692571
124.818 15.9247663813
124.896 15.0672051101
124.952 15.9669476396
125.068 14.7611193988
125.212 15.208531185
125.355 15.1620327718
125.499 15.4182042059
125.666 14.0724159532
125.751 15.1737156482
125.819 13.8129247174
125.884 15.3484685939
125.995 14.3321261546
126.137 14.6958506858
126.28 14.5221289976
126.423 14.9896277028
126.565 14.6909387921
126.707 15.2248165779
126.815 16.0690011675
126.883 14.6484015379
126.948 15.5708387966
127.057 14.5092481673
127.199 14.924753128
127.34 14.6938079483
127.482 15.178725017
127.623 14.2011606862
127.764 14.4193408754
127.877 14.6121676689
127.934 12.5401028794
128.083 14.2144116391
128.232 12.7358369715
128.38 13.3393161646
128.528 12.9944608208
128.676 13.606305914
128.824 12.7878589696
128.972 12.9357794419
129.119 12.636022544
129.266 13.298950202
129.413 12.5245125259
129.559 12.5205965726
129.706 12.6767798193
129.852 12.9518698848
129.998 12.7018492661
130.143 12.3885150858
130.289 12.8006790546
130.434 12.2155463569
130.579 11.8234940289
130.724 12.3789088512
130.868 11.772467265
131.012 12.2353987707
131.157 12.1817140464
131.301 12.1581985494
131.444 11.8664543811
131.587 12.0807595849
131.731 11.6803597216
131.874 11.6301487813
132.017 11.8856936912
132.159 11.4766927163
132.301 11.7740367542
132.444 11.8462855267
132.586 11.8324744455
132.727 11.57415291
132.869 11.8049094968
133.01 12.0312239063
133.152 12.0012510419
133.293 12.2760006511
133.434 11.7248719046
133.574 11.5867625056
133.714 11.9897814804
133.855 12.2284342506
133.995 12.1112692683
134.135 11.8139923328
134.274 11.8313195783
134.414 11.4721686036
134.553 11.3634634647
134.693 11.2499834622
134.831 11.9076863175
134.97 11.9598043779
135.109 11.7584944318
135.247 11.6526549174
135.386 11.3146164685
135.524 11.5332826201
135.662 11.8216759077
135.8 11.8250359708
135.938 11.8002723696
136.075 11.1405585621
136.212 11.3677770879
136.35 11.7294044933
136.487 12.5918592934
136.624 11.8604603733
136.76 11.7291728135
136.897 11.3874239565
137.033 11.8678741261
137.17 10.9649085636
137.306 11.4725302501
137.442 10.9620768434
137.578 10.9540930736
137.713 10.9765985034
137.849 10.983141338
137.984 10.4853045902
138.12 11.1911452757
138.255 10.8187207451
138.39 10.5889431467
138.525 11.1310653421
138.66 11.1799949802
138.794 10.7814252459
138.929 11.2534664286
139.063 11.4324503555
139.198 10.7973786586
139.332 11.0388285383
139.466 11.3379695072
139.6 10.7676897432
139.734 11.4958543288
139.867 11.5107517621
140.001 10.9616035951
140.135 11.2137460614
140.268 11.3324332082
140.401 11.4413029245
140.535 11.3267860137
140.668 10.4681708821
140.801 11.0884129544
140.933 10.6543842068
141.066 11.5319342156
141.199 11.1996503249
141.331 10.5783409717
141.464 10.9004245952
141.596 11.3000312378
141.729 10.6911379427
141.861 11.0767314907
141.993 10.8401468862
142.14 11.3552049284
142.283 10.8281164901
142.389 11.4466223768
142.464 11.5319003112
142.52 11.7861095307
142.635 11.2478051073
142.778 11.2572672483
142.92 11.7064032123
143.063 10.8732163486
143.205 11.8286432531
143.309 10.733403962
143.384 10.2097511652
143.441 10.6288584639
143.554 10.7109055956
143.696 10.8009054181
143.837 10.595804541
143.978 10.8738944357
144.119 11.016999783
144.227 10.7860298814
144.293 11.0551471293
144.357 10.599850461
144.466 10.420642624
144.606 10.9722538013
144.746 11.392308303
144.887 11.3219454603
145.026 11.1764117135
145.166 13.9885323355
145.271 17.3523446576
145.34 21.4489502165
145.401 22.4208567577
145.51 24.6149249638
145.649 25.0043843148
145.788 21.5268511279
145.927 16.2378717072
146.066 12.2932268899
146.204 11.7494243099
146.312 11.1906296469
146.373 10.816904743
146.442 10.4533320751
146.546 10.8015700848
146.684 10.7654407542
146.822 10.3629670744
146.959 10.7315173258
147.097 10.7195759286
147.234 10.7109783487
147.372 10.7899317078
147.481 9.62578463609
147.537 11.2345421465
147.61 10.0119164157
147.74 9.34185047781
147.847 9.72155526271
147.984 10.2928013009
148.121 9.36562661463
148.257 9.99837868841
148.393 10.0405691292
148.529 9.653841198
148.665 9.69467546453
148.801 10.073863208
148.906 9.70359372315
148.969 9.68010224167
149.035 9.58851315243
149.111 9.57468653177
149.164 9.8178796605
149.273 9.58364858352
149.408 9.44117682389
149.544 9.22935158262
149.679 9.43637229394
149.814 9.7096767299
149.949 9.29892261723
150.084 9.7321948738
150.218 9.50248720314
150.353 10.2476308083
150.458 10.0499563981
150.516 9.66168935035
150.588 8.79195712129
150.656 9.76483064296
150.717 9.9161860505
150.821 9.60797637248
150.955 10.3489207817
151.089 9.62139049013
151.223 10.5796773685
151.357 9.54938752424
151.49 9.79263574755
151.624 9.64473646542
151.758 9.49226433311
151.891 9.68481424098
152.037 9.94559737402
152.174 8.63859782496
152.311 8.92288232827
152.448 9.86821209143
152.584 8.76650695683
152.721 8.58650236747
152.857 10.1649938821
152.992 10.7039036395
153.128 9.58027298095
153.264 9.81803152377
153.399 10.480412474
153.534 9.28351026152
153.669 9.49510664838
153.804 10.3497387244
153.938 10.2168082159
154.073 10.3383051862
154.207 10.8134436732
154.341 10.9635884127
154.475 9.60975211319
154.609 10.2229611504
154.742 10.4049314862
154.876 10.164357469
155.009 9.98388528206
155.142 10.061652695
155.275 9.63270465666
155.407 9.29414987261
155.54 9.63918038888
155.672 9.65115145233
155.805 9.63629569316
155.937 10.3415027909
156.069 10.1916504766
156.2 10.2756753624
156.332 10.4723566575
156.464 10.8479703166
156.595 11.1363558345
156.726 10.7886221521
156.857 11.7937966373
156.988 10.7984854946
157.119 12.0362417512
157.249 14.4458032262
157.38 26.0843256774
157.51 53.2826016131
157.64 75.8373452646
157.77 81.2640823265
157.9 77.7509354378
158.03 59.820734805
158.16 34.802178469
158.29 18.9531360568
158.419 11.7623955519
158.548 11.6074491078
158.678 11.4799037415
158.807 10.1433805607
158.936 8.47004231321
159.064 10.3502804877
159.193 10.8727070769
159.322 10.4638890443
159.45 9.75144689796
159.579 9.86246247752
159.707 9.70587308483
159.835 9.02516682951
159.963 9.83869411045
160.091 9.23952430246
160.219 9.10101440824
160.347 10.0714390464
160.474 8.57115499511
160.602 9.44535553592
160.729 9.26931634366
160.857 9.79123931184
160.984 9.03893764926
161.128 8.74882371554
161.238 8.81012773772
161.292 7.35475283284
161.365 9.22163269064
161.466 9.07510088424
161.602 9.3082470218
161.739 7.6884677699
161.875 10.5220971748
162.011 8.33632635383
162.147 10.4653900184
162.252 9.82226674305
162.313 6.93387897589
162.378 10.0930558995
162.481 9.63765893086
162.616 8.22528605234
162.751 6.47143837702
162.886 9.96252977507
163.021 6.00411766974
163.156 6.34129297026
163.26 7.33090111756
163.32 7.86641902664
163.386 7.27809225588
163.487 7.05006002553
163.621 6.83650636839
163.755 5.91852823905
163.888 5.61468092165
164.021 6.22324647462
164.155 6.58357986378
164.288 6.30969622838
164.389 7.08372775856
164.452 4.94378715237
164.514 7.39392861123
164.616 4.90056651354
164.749 6.20884842427
164.881 5.22352917815
165.013 7.43901363654
165.145 8.07766083043
165.277 7.3933148011
165.409 4.45426085699
165.54 6.82067303358
165.639 7.97328626683
165.705 4.45358312302
165.763 7.80662586738
165.866 6.28103009438
165.997 4.58970664493
166.128 5.31047937435
166.258 6.16203568943
166.389 5.26645597922
166.52 4.62574521076
166.65 7.0037099439
166.78 3.45653014395
166.884 5.96803283859
166.938 4.19530961874
167.008 7.21948786814
167.073 0.50879858269
167.132 6.39558656025
167.232 4.07984303279
167.362 4.32190848847
167.492 4.69366093576
167.621 5.58187103949
167.751 5.84731743433
167.88 4.10505763259
168.009 3.89061998997
168.126 6.7286050453
168.267 1.90482095251
168.395 3.53584267735
168.524 3.86558868559
168.622 5.94712444531
168.683 4.82462499148
168.746 5.36525963313
168.816 1.22798871146
168.87 4.42779356182
168.971 4.31311030778
169.118 4.2472683993
169.227 6.76514405358
169.355 5.08633307778
169.49 6.22693427981
169.61 2.37656988669
169.738 4.12345533758
169.865 3.32529838507
169.993 4.35282926223
170.12 6.70571395347
170.247 6.5203270474
170.374 4.23477287782
170.501 3.88856030027
170.628 7.00873414583
170.755 4.0361113564
170.854 5.77025600898
170.91 5.45533856579
170.977 4.53206853137
171.039 2.0442852897
171.168 1.0186667419
171.297 3.64987786372
171.425 2.57864638917
171.554 6.54499176091
171.682 10.6009064404
171.81 1.29404499437
171.938 4.9177563758
172.066 11.8519645065
172.193 3.37997304591
172.32 -0.518046349283
172.448 5.35486053108
172.575 7.87236217792
172.702 -0.153870532533
172.828 1.01000965278
172.955 2.98399770126
173.081 4.9351295335
173.207 3.17877788013
173.333 3.6489585612
173.459 5.46979877413
173.585 0.299943416085
173.71 0.799283654338
173.836 5.2999729085
173.961 6.08866666048
174.086 3.42401056785
174.211 0.361324076237
174.335 6.56414277834
174.46 2.14152475196
174.585 1.61863992423
174.709 -1.72372577298
174.833 4.64540444037
174.957 2.71980771007
175.081 4.90095464779
175.205 0.341443761962
175.328 0.56080265735
175.452 1.53317798804
175.575 4.31884085049
175.698 -3.04226445811
175.821 3.47712244972
175.944 0.227749031842
176.067 2.58284311289
176.19 0.140872648256
176.312 0.704075628143
176.435 -3.34597192004
176.557 1.18170476098
176.679 5.57304319249
176.801 3.04155176027
176.923 -5.18093471042
177.045 -0.78745615465
177.167 0.529234389837
177.288 -1.13372294386
177.41 3.36916108767
177.531 1.81671906768
177.652 -3.73942421543
177.773 -0.117737019045
177.894 -1.88452301425
178.015 0.907773977338
178.136 3.93467728945
178.257 -0.154900267017
178.377 -3.06887231509
178.498 -3.47921074622
178.618 2.05013591034
178.738 2.08512079232
178.859 -5.08280949682
178.979 4.74852842763
179.099 -5.92844808889
179.219 -0.95236270996
179.338 0.796833181605
179.458 -3.01412631384
179.578 -4.10889518202
179.697 -0.378649644222
179.817 -6.81893684796
179.936 3.27538905227
180.055 -0.827245036831
180.174 0.168261078015
180.294 3.19152733111
180.413 2.14524822736
180.532 0.987357304132
180.65 0.120495953001
180.769 3.83154023489
180.888 -2.74888228563
181.007 -1.84996617477
181.125 -0.487411820128
181.244 -2.69602345034
181.362 2.93836420234
181.481 -5.04560087749
181.599 2.22025755617
181.717 -5.65992134193
181.835 -5.79140491129
181.953 -4.28167425844
182.072 0.19679960714
182.189 -2.22414861091
182.307 -1.4634332819
182.425 -5.78799293218
182.543 -1.5207917728
182.661 -3.15006971885
182.779 -2.03078129018
182.896 -5.64162923489
183.014 -3.61010487421
183.131 2.20633575609
183.249 -4.8942542992
183.366 -5.36697321585
183.484 -6.70871025104
183.601 -1.07610716833
183.718 -2.03284698378
183.835 -8.63453424649
183.953 0.0895175848828
184.07 -3.62525164578
184.187 1.19389055203
184.304 -1.50903314134
184.421 -1.55247150972
184.538 -5.71245579022
184.655 -0.599258806928
184.772 -1.72051527758
184.889 -1.37440759163
185.006 -3.89671253232
185.122 -8.31283628503
185.239 -11.6848569933
185.356 -5.5012750849
185.473 -0.961852398268
185.59 -12.1886517255
185.706 -1.61003104286
185.823 -1.69072253004
185.94 -2.51462842915
186.056 -7.22417373284
186.173 -13.6122674302
186.289 -4.10466702614
186.406 2.44433109965
186.523 -9.26769529158
186.639 -8.21164731832
186.756 -2.90634171356
186.872 -5.03627506024
186.988 -9.44952294649
187.105 -0.16151309557
187.221 -10.6405604115
187.338 -2.87234200037
187.454 -2.06931959602
187.571 -6.75993832207
187.687 -1.16247480997
187.804 -13.5886120776
187.92 -6.81156406295
188.036 -5.79397140049
188.153 -12.6627448282
188.269 -12.6127980593
188.386 -4.50483450329
188.502 -10.7549523
188.618 -21.9454611626
188.735 -1.26860719088
188.851 2.84580724966
188.968 -16.1407328985
189.084 -10.7075766116
189.2 -22.3977594143
189.317 -14.3627205989
189.433 -20.4994671696
189.55 -14.0704113581
189.666 -16.1232622658
189.783 -10.9246796311
189.899 -21.4634612814
190.016 -15.5693455922
190.132 -20.7513115601
190.249 -12.130514229
190.365 -9.83200365063
190.482 -19.9692524671
190.598 -13.407860886
190.715 -6.80978902858
190.831 -20.1156656082
190.948 -23.4660758205
191.065 -8.83897610764
191.181 -10.0231853764
191.298 -8.18545125801
191.415 -22.5260817556
191.532 -10.574162966
191.648 -13.3887797963
191.765 -19.6656982811
191.882 -5.92438733577
191.999 -18.7824488086
192.116 -4.09835516498
192.233 -30.5855670252
192.35 -5.41991098472
192.467 -28.9045946466
192.584 -11.5806879749
192.701 -8.93301478668
192.818 -16.3910671325
192.935 -12.2287860083
193.052 -14.533138025
193.169 -8.23757708816
193.286 -17.0857278561
193.404 -8.03803440663
193.521 -15.5240098159
193.638 -18.4775017186
193.756 -44.033216087
193.873 -14.3796035561
193.991 -17.306371762
194.108 -16.6534543654
194.226 -14.3749544211
194.344 -21.3810553286
194.461 -13.4878737563
194.579 -8.0890364486
194.697 -6.50719546606
194.814 -3.08661347633
194.932 -6.52402474136
195.05 -13.6348180657
195.168 -17.020699299
195.286 -11.9689585544
195.404 -8.39946333032
195.523 -16.8936992277
195.641 -9.98527677338
195.759 -15.1886067244
195.877 -8.68672859169
